30 30
dungeon.png
1010,1010,1010,1010,1010,1010,1010,1010,1010,1010,1010,1010,1010,1010,1010,1010,1010,1010,1010,1010,1010,1010,1010,1010,1010,1010,1010,1010,1010,1010
1010,1010,1010,1010,1010,1010,1010,1010,1010,1010,1010,1010,1010,1010,1010,1010,1010,1010,1010,1010,1010,1010,1010,1010,1010,1010,1010,1010,1010,1010
1010,1010,1010,1010,1010,1010,1010,1010,1010,1010,1010,1010,1010,1010,1010,1010,1010,1010,1010,1010,1010,1010,1010,1010,1010,1010,1010,1010,1010,1010
1010,1010,1010,1010,1010,1010,1010,1010,1010,1010,1010,1010,1010,1010,1010,1010,1010,1010,1010,1010,1010,1010,1010,1010,1010,1010,1010,1010,1010,1010
1010,1010,1010,1010,1010,1010,1010,1010,1010,1010,1010,1010,1010,1010,1010,1010,1010,1010,1010,1010,1010,1010,1010,1010,1010,1010,1010,1010,1010,1010
1010,1010,1010,1010,1010,1010,1010,1010,1010,1010,1010,1010,1010,1010,1010,1010,1010,1010,1010,1010,1010,1010,1010,1010,1010,1010,1010,1010,1010,1010
1010,1010,1010,100E,100E,100E,100E,1010,1010,1010,1010,1010,1010,1010,1010,1010,1010,1010,1010,1010,1010,1010,1010,1010,1010,1010,1010,1010,1010,1010
1010,1010,1010,1010,1010,1010,1010,1010,1010,1010,1010,1010,1010,1010,1010,1010,1010,1010,1010,1010,1010,1010,1010,1010,1010,1010,1010,1010,1010,1010
1010,1010,1010,1010,1010,1010,1010,1010,1010,1010,1010,1010,1010,1010,1010,1010,1010,1010,1010,1010,1010,1010,1010,1010,1010,1010,1010,1010,1010,1010
1010,1010,1010,1010,1010,1010,1010,1010,1010,1010,1010,1010,1010,1010,1010,1010,1010,1010,1010,1010,1010,1010,1010,1010,1010,1010,1010,1010,1010,1010
1010,1010,1010,1010,1010,1010,1010,1010,1010,1010,1010,1010,1010,1010,1010,1010,1010,1010,1010,1010,1010,1010,1010,1010,1010,1010,1010,1010,1010,1010
1010,1010,1010,1010,1010,1010,1010,1010,1010,1010,1010,1010,1010,1010,1010,1010,1010,1010,1010,1010,1010,1010,1010,1010,1010,1010,1010,1010,1010,1010
1010,1010,1010,1010,1010,1010,1010,1010,1010,1010,1010,1010,1010,1010,1010,1010,1010,1010,1010,1010,1010,1010,1010,1010,1010,1010,1010,1010,1010,1010
1010,1010,1010,1010,1010,1010,1010,1010,1010,1010,1010,1010,1010,1010,1010,1010,1010,1010,1010,1010,1010,1010,1010,1010,1010,1010,1010,1010,1010,1010
1010,1010,1010,1010,1010,1010,1010,1010,1010,1010,1010,1010,1010,1010,1010,1010,1010,1010,1010,1010,1010,1010,1010,1010,1010,1010,1010,1010,1010,1010
1010,1010,1010,1010,1010,1010,1010,1010,1010,1010,1010,1010,1010,1010,1010,1010,1010,1010,1010,1010,1010,1010,1010,1010,1010,1010,1010,1010,1010,1010
1010,1010,1010,1010,1010,1010,1010,1010,1010,1010,1010,1010,1010,1010,1010,1010,1010,1010,1010,1010,1010,1010,1010,1010,1010,1010,1010,1010,1010,1010
1010,1010,1010,1010,1010,1010,1010,1010,1010,1010,1010,1010,1010,1010,1010,1010,1010,1010,1010,1010,1010,1010,1010,1010,1010,1010,1010,1010,1010,1010
1010,1010,1010,1010,1010,1010,1010,1010,1010,1010,1010,1010,1010,1010,1010,1010,1010,1010,1010,1010,1010,1010,1010,1010,1010,1010,1010,1010,1010,1010
1010,1010,1010,1010,1010,1010,1010,1010,1010,1010,1010,1010,1010,1010,1010,1010,1010,1010,1010,1010,1010,1010,1010,1010,1010,1010,1010,1010,1010,1010
1010,1010,1010,1010,1010,1010,1010,1010,1010,1010,1010,1010,1010,1010,1010,1010,1010,1010,1010,1010,1010,1010,1010,1010,1010,1010,1010,1010,1010,1010
1010,1010,1010,1010,1010,1010,1010,1010,1010,1010,1010,1010,1010,1010,1010,1010,1010,1010,1010,1010,1010,1010,1010,1010,1010,1010,1010,1010,1010,1010
1010,1010,1010,1010,1010,1010,1010,1010,1010,1010,1010,1010,1010,1010,1010,1010,1010,1010,1010,1010,1010,1010,1010,1010,1010,1010,1010,1010,1010,1010
1010,1010,1010,1010,1010,1010,1010,1010,1010,1010,1010,1010,1010,1010,1010,1010,1010,1010,1010,1010,1010,1010,1010,1010,1010,1010,1010,1010,1010,1010
1010,1010,1010,1010,1010,1010,1010,1010,1010,1010,1010,1010,1010,1010,1010,1010,1010,1010,1010,1010,1010,1010,1010,1010,1010,1010,1010,1010,1010,1010
1010,1010,1010,1010,1010,1010,1010,1010,1010,1010,1010,1010,1010,1010,1010,1010,1010,1010,1010,1010,1010,1010,1010,1010,1010,1010,1010,1010,1010,1010
1010,1010,1010,1010,1010,1010,1010,1010,1010,1010,1010,1010,1010,1010,1010,1010,1010,1010,1010,1010,1010,1010,1010,1010,1010,1010,1010,1010,1010,1010
1010,1010,1010,1010,1010,1010,1010,1010,1010,1010,1010,1010,1010,1010,1010,1010,1010,1010,1010,1010,1010,1010,1010,1010,1010,1010,1010,1010,1010,1010
1010,1010,1010,1010,1010,1010,1010,1010,1010,1010,1010,1010,1010,1010,1010,1010,1010,1010,1010,1010,1010,1010,1010,1010,1010,1010,1010,1010,1010,1010
1010,1010,1010,1010,1010,1010,1010,1010,1010,1010,1010,1010,1010,1010,1010,1010,1010,1010,1010,1010,1010,1010,1010,1010,1010,1010,1010,1010,1010,1010